2.381158579254143870e+00
9.284742559953295116e-01
1.066003032840248332e+00
2.083933220210575588e+00
1.030931745435949676e+00
2.326743076314107039e+00
6.329301352281214710e-01
2.642823133527985924e+00
9.780418108932656951e-01
1.617196931863530196e+00
8.705097375477532928e-01
1.714510095593214434e+00
2.120770625086608518e+00
2.450728291570425377e+00
1.068138207255567407e+00
1.966420325107913092e+00
3.430649415340562225e+00
7.377550873086808902e-01
7.611893147535000459e-01
2.050535279715048009e+00
1.505656655510795083e+00
1.412394633573324843e+00
1.960923986495009430e+00
8.792203784150783852e-01
1.059548755374505769e+00
3.407061103229330090e+00
2.066689774290795700e+00
1.329399344009049688e+00
9.203348599092128213e-01
1.310595105682143435e+00
7.744291667846370242e-01
1.653475781046427784e+00
1.059467272516410041e+00
5.805471196047314875e-01
1.713506427167920343e+00
2.494322889596823245e+00
1.031546223270673579e+00
2.061331399427518640e+00
1.091936902814551802e+00
1.907191657359996517e+00
1.484585352988557538e+00
2.019824255844715921e+00
2.143184982097701585e+00
1.720219372576950567e+00
1.132609310572838313e+00
1.459484818508314463e+00
2.351357583088984349e+00
4.132724032107615741e+00
1.696153470734663493e+00
1.181151513775015927e+00
2.072446265462206672e+00
2.075997164188098765e+00
1.362480407639645730e+00
1.491913282933592377e+00
1.692454507926576535e-01
7.513140420113342266e-01
1.769330318391185042e+00
1.886456887046601860e+00
5.945609561630751383e-01
8.591561343605257361e-01
8.512434778925076495e-01
7.840913437197399860e-01
9.787479152527642778e-01
2.094572004158700373e+00
1.795373605181850074e+00
1.265675572828512285e+00
2.021628619604640242e+00
4.898748394987573751e-01
1.621335384789202028e+00
9.187241531910502745e-01
1.146225513096554183e+00
1.989743454506534448e+00
7.803094826506110637e-01
2.195862177696962458e+00
1.346495104316110414e+00
2.370456325167474620e+00
1.983682947498736748e+00
5.534700077269449903e-01
6.640865675295510862e-01
1.819824650513282682e+00
1.304247592775074294e+00
2.187803843733544085e+00
1.856512363007490674e+00
2.702440339603205288e+00
1.956731597462155525e+00
2.223236558399510177e+00
1.381743365228226272e+00
9.036819380108643829e-01
2.652418911366734466e+00
2.015706629673806649e+00
1.527205295394325146e+00
6.160518219878131640e-01
2.302272445673454015e+00
1.361976472036911634e+00
1.937156312317915186e+00
1.785133174341176465e+00
1.635339725817166689e+00
2.753962836107281653e+00
1.047825263847016020e+00
8.530665817087152991e-01
